166
EPI_ISL_17455555 0.0000000 0.0050078 0.0048054 0.0050156 0.0054193 0.0011840 0.0043947 0.0041891 0.0362827 0.1096407 0.1120254 0.0408045 0.0486078 0.0420929 0.0425404 0.0428596 0.0434893 0.0389129 0.0378902 0.0386562 0.0398427 0.0383347 0.0408711 0.0389755 0.0380579 0.0389126 0.0383587 0.0386358 0.0394544 0.0391478 0.0391217 0.0779416 0.0368816 0.0370869 0.0387702 0.0386924 0.0485354 0.0383190 0.0377615 0.0391532 0.0388301 0.0386177 0.0393478 0.0395077 0.0408954 0.0413158 0.0388968 0.0383135 0.0377433 0.0752849 0.0376831 0.0398935 0.0379509 0.0397577 0.0388120 0.0378573 0.0389835 0.0391281 0.0386144 0.0388418 0.0399803 0.0397109 0.0396860 0.0373611 0.0383627 0.0397649 0.0394644 0.0395184 0.0378308 0.0378861 0.0386325 0.0412893 0.0378968 0.0385325 0.0378998 0.0383728 0.0383723 0.0386650 0.0478052 0.0375913 0.0385049 0.0391613 0.0400787 0.0533466 0.0376296 0.0381041 0.0385882 0.0395957 0.0463531 0.0375872 0.0464602 0.0388910 0.0403267 0.0565419 0.0397269 0.0394689 0.0397074 0.0475106 0.0378865 0.0381607 0.0378575 0.0389193 0.0387393 0.0371309 0.0388888 0.0392094 0.0378699 0.0400017 0.0371336 0.0368565 0.0377433 0.0397605 0.0396381 0.0376002 0.0378592 0.0689961 0.0183519 0.0389967 0.0372476 0.0404205 0.0400306 0.0403445 0.0416311 0.0397432 0.0397432 0.0407118 0.0397625 0.0397629 0.0206735 0.0210051 0.0396401 0.0407576 0.0407816 0.0411070 0.0396896 0.0396243 0.0407314 0.0407796 0.0399034 0.0412663 0.0404516 0.0400520 0.0399329 0.0379822 0.0385811 0.0382993 0.0387722 0.0380349 0.0380455 0.0388829 0.0401670 0.0393834 0.0385896 0.0399477 0.0401670 0.0382268 0.0418101 0.0402759 0.0422674 0.0404276 0.0276790 0.0380998 0.0271014 0.0266979 0.0347299 0.3255483 
EPI_ISL_17455556 0.0050078 0.0000000 0.0023803 0.0027877 0.0029826 0.0050051 0.0025803 0.0011847 0.0358180 0.1089307 0.1113034 0.0402246 0.0479880 0.0415132 0.0419503 0.0422801 0.0429007 0.0383722 0.0373786 0.0381121 0.0392990 0.0377953 0.0403440 0.0384338 0.0375191 0.0383719 0.0378190 0.0380957 0.0389337 0.0383798 0.0385877 0.0771580 0.0361318 0.0363370 0.0382561 0.0382011 0.0480038 0.0378328 0.0372234 0.0386125 0.0383083 0.0378612 0.0388078 0.0389655 0.0403644 0.0407686 0.0383563 0.0377744 0.0372055 0.0745718 0.0372026 0.0393796 0.0371956 0.0392426 0.0380556 0.0371039 0.0384913 0.0383694 0.0380745 0.0383545 0.0394866 0.0391691 0.0391932 0.0366097 0.0376073 0.0392223 0.0389403 0.0389759 0.0370780 0.0373967 0.0380924 0.0407057 0.0374074 0.0380374 0.0374103 0.0376172 0.0376168 0.0381244 0.0472898 0.0370668 0.0379668 0.0384020 0.0395352 0.0534811 0.0371344 0.0373498 0.0380629 0.0390521 0.0458278 0.0368353 0.0459366 0.0383506 0.0398315 0.0559992 0.0392217 0.0389546 0.0392144 0.0469830 0.0373972 0.0374055 0.0371041 0.0381607 0.0379804 0.0363801 0.0383978 0.0386678 0.0373808 0.0394896 0.0366326 0.0361073 0.0372055 0.0392180 0.0390940 0.0371117 0.0373702 0.0681125 0.0176841 0.0382452 0.0365032 0.0398580 0.0394699 0.0397829 0.0410429 0.0391831 0.0391831 0.0401485 0.0392021 0.0392025 0.0199799 0.0205527 0.0396556 0.0402418 0.0402655 0.0405898 0.0391727 0.0391018 0.0402158 0.0402636 0.0393897 0.0407498 0.0399367 0.0400675 0.0399484 0.0374727 0.0380699 0.0377887 0.0382613 0.0375248 0.0375353 0.0383706 0.0396528 0.0388706 0.0380782 0.0394335 0.0396528 0.0374745 0.0412526 0.0397227 0.0417069 0.0398758 0.0272070 0.0373502 0.0266522 0.0259828 0.0345322 0.3227309 
EPI_ISL_17455557 0.0048054 0.0023803 0.0000000 0.0021834 0.0005901 0.0048028 0.0015813 0.0021793 0.0365644 0.1101024 0.1124912 0.0411928 0.0490326 0.0424827 0.0429378 0.0432504 0.0438869 0.0392724 0.0382290 0.0390177 0.0402054 0.0386926 0.0412241 0.0393358 0.0384150 0.0392721 0.0387169 0.0389946 0.0398012 0.0391770 0.0394755 0.0789862 0.0369095 0.0371149 0.0391118 0.0390186 0.0488994 0.0386415 0.0381177 0.0395131 0.0391769 0.0386464 0.0397075 0.0398690 0.0412510 0.0416827 0.0392562 0.0386711 0.0380993 0.0762393 0.0380011 0.0402363 0.0379793 0.0401012 0.0388407 0.0378856 0.0393107 0.0391569 0.0389730 0.0391656 0.0403097 0.0400722 0.0400145 0.0373892 0.0383913 0.0401268 0.0398135 0.0398799 0.0378591 0.0382101 0.0389913 0.0416808 0.0382209 0.0388612 0.0382239 0.0384013 0.0384009 0.0390242 0.0481575 0.0379383 0.0388622 0.0391902 0.0404416 0.0545985 0.0379571 0.0381325 0.0389371 0.0399580 0.0467107 0.0376155 0.0468169 0.0392503 0.0406576 0.0569190 0.0400638 0.0398115 0.0400360 0.0478709 0.0382105 0.0381893 0.0378858 0.0389481 0.0387681 0.0371589 0.0392152 0.0395698 0.0381938 0.0403436 0.0374644 0.0368844 0.0380993 0.0401223 0.0400008 0.0379233 0.0381830 0.0690266 0.0183683 0.0390253 0.0372755 0.0407965 0.0404050 0.0407198 0.0420262 0.0401168 0.0401168 0.0410888 0.0401363 0.0401367 0.0206921 0.0212792 0.0405133 0.0411029 0.0411271 0.0414536 0.0400343 0.0399726 0.0410764 0.0411250 0.0402462 0.0416126 0.0407958 0.0409299 0.0408079 0.0383198 0.0389206 0.0386379 0.0391116 0.0383728 0.0383836 0.0392235 0.0405104 0.0397249 0.0389291 0.0402908 0.0405104 0.0382552 0.0421847 0.0406458 0.0426445 0.0407966 0.0279769 0.0381281 0.0273662 0.0267206 0.0353070 0.3246243 
EPI_ISL_17455558 0.0050156 0.0027877 0.0021834 0.0000000 0.0027857 0.0050129 0.0021827 0.0019832 0.0369306 0.1094001 0.1117787 0.0405938 0.0483926 0.0418840 0.0423282 0.0426517 0.0432789 0.0387140 0.0377008 0.0384558 0.0396439 0.0381356 0.0406797 0.0387764 0.0378586 0.0387137 0.0381595 0.0384368 0.0392636 0.0392179 0.0389250 0.0764464 0.0369476 0.0371531 0.0385809 0.0385115 0.0483507 0.0381395 0.0375621 0.0389546 0.0386381 0.0386862 0.0391498 0.0393091 0.0407026 0.0411176 0.0386980 0.0381144 0.0375440 0.0739207 0.0375050 0.0397057 0.0380186 0.0395693 0.0388807 0.0379247 0.0388026 0.0391973 0.0384154 0.0386625 0.0398000 0.0395127 0.0395057 0.0374278 0.0384309 0.0395665 0.0392724 0.0393197 0.0378981 0.0377049 0.0384335 0.0410779 0.0377157 0.0383500 0.0377186 0.0384409 0.0384405 0.0384659 0.0476255 0.0373968 0.0383065 0.0392307 0.0398803 0.0530274 0.0374460 0.0381719 0.0383946 0.0393966 0.0461684 0.0376542 0.0462763 0.0386922 0.0401463 0.0563602 0.0395421 0.0392805 0.0395270 0.0473263 0.0377053 0.0382287 0.0379249 0.0389883 0.0388082 0.0371973 0.0387082 0.0390106 0.0376888 0.0398147 0.0369472 0.0369225 0.0375440 0.0395621 0.0394389 0.0374190 0.0376782 0.0690955 0.0183868 0.0390652 0.0373136 0.0402156 0.0398259 0.0401398 0.0414185 0.0395383 0.0395383 0.0405070 0.0395575 0.0395579 0.0207136 0.0210463 0.0399823 0.0405702 0.0405941 0.0409195 0.0395005 0.0394331 0.0405440 0.0405921 0.0397157 0.0410792 0.0402641 0.0403963 0.0402760 0.0377937 0.0383927 0.0381108 0.0385841 0.0378462 0.0378568 0.0386945 0.0399794 0.0391954 0.0384011 0.0397599 0.0399794 0.0382945 0.0416088 0.0400743 0.0420656 0.0402256 0.0274910 0.0381672 0.0276929 0.0267483 0.0351494 0.3219908 
EPI_ISL_17455559 0.0054193 0.0029826 0.0005901 0.0027857 0.0000000 0.0054163 0.0021797 0.0027805 0.0373185 0.1108145 0.1132139 0.0417965 0.0496782 0.0430862 0.0435522 0.0438538 0.0444998 0.0398350 0.0387610 0.0395837 0.0407712 0.0392538 0.0417726 0.0398994 0.0389755 0.0398346 0.0392783 0.0395566 0.0403428 0.0399626 0.0400300 0.0798163 0.0376763 0.0378818 0.0396465 0.0395294 0.0494527 0.0391470 0.0386773 0.0400756 0.0397197 0.0394201 0.0402693 0.0404332 0.0418035 0.0422521 0.0398185 0.0392318 0.0386587 0.0769969 0.0385007 0.0407709 0.0387518 0.0401040 0.0396143 0.0386561 0.0398225 0.0399329 0.0395346 0.0396723 0.0408232 0.0406360 0.0405269 0.0381577 0.0391640 0.0406913 0.0403587 0.0404444 0.0386290 0.0387188 0.0395532 0.0422884 0.0387298 0.0393760 0.0387328 0.0391742 0.0391737 0.0395866 0.0486938 0.0384837 0.0394220 0.0399669 0.0410072 0.0551124 0.0384719 0.0389040 0.0394834 0.0399610 0.0472573 0.0383845 0.0468202 0.0398125 0.0411726 0.0574829 0.0405893 0.0403465 0.0405486 0.0484199 0.0387192 0.0389617 0.0386564 0.0397240 0.0395444 0.0379269 0.0397257 0.0401332 0.0387023 0.0408764 0.0379853 0.0376507 0.0386587 0.0406868 0.0405669 0.0384311 0.0386914 0.0699253 0.0190484 0.0397939 0.0380368 0.0413819 0.0409884 0.0407230 0.0426387 0.0406997 0.0406997 0.0416751 0.0407194 0.0407198 0.0213992 0.0217455 0.0410482 0.0416395 0.0416641 0.0419917 0.0405720 0.0405162 0.0416128 0.0416618 0.0407806 0.0421500 0.0413314 0.0414674 0.0413437 0.0388496 0.0394523 0.0391688 0.0396429 0.0389032 0.0389142 0.0397563 0.0410453 0.0402582 0.0394609 0.0408257 0.0410453 0.0390246 0.0427650 0.0412215 0.0432279 0.0413709 0.0284657 0.0388948 0.0280859 0.0274509 0.0358051 0.3259808 
EPI_ISL_17455560 0.0011840 0.0050051 0.0048028 0.0050129 0.0054163 0.0000000 0.0043923 0.0037844 0.0365126 0.1088647 0.1112673 0.0401942 0.0479527 0.0414824 0.0419187 0.0422489 0.0428689 0.0383446 0.0376148 0.0380844 0.0392708 0.0377680 0.0405861 0.0384062 0.0374919 0.0383443 0.0377916 0.0380682 0.0391734 0.0391374 0.0388342 0.0770588 0.0368721 0.0370773 0.0384930 0.0384276 0.0482453 0.0380570 0.0371964 0.0385847 0.0385488 0.0386076 0.0387801 0.0389376 0.0406083 0.0407398 0.0383287 0.0377471 0.0371785 0.0744811 0.0374244 0.0396160 0.0379410 0.0394796 0.0388019 0.0378475 0.0387181 0.0391178 0.0380470 0.0385790 0.0397137 0.0391411 0.0394200 0.0373514 0.0383527 0.0391943 0.0391816 0.0389480 0.0378210 0.0376226 0.0380650 0.0406749 0.0376333 0.0382657 0.0376362 0.0383628 0.0383624 0.0380969 0.0475242 0.0373090 0.0379395 0.0391511 0.0395070 0.0528144 0.0373631 0.0380942 0.0383051 0.0390241 0.0460672 0.0375775 0.0461752 0.0383230 0.0400592 0.0562433 0.0394542 0.0391914 0.0394413 0.0472231 0.0376230 0.0381508 0.0378477 0.0389091 0.0387292 0.0371213 0.0386241 0.0386401 0.0376066 0.0397252 0.0366076 0.0368470 0.0371785 0.0391900 0.0390660 0.0373373 0.0375960 0.0689744 0.0183479 0.0389866 0.0372381 0.0398287 0.0394409 0.0397537 0.0410117 0.0391542 0.0391542 0.0401190 0.0391732 0.0391736 0.0206688 0.0207681 0.0393631 0.0404788 0.0405026 0.0408273 0.0394106 0.0393423 0.0404527 0.0405007 0.0396260 0.0409869 0.0401734 0.0397734 0.0396553 0.0377078 0.0383056 0.0380242 0.0384968 0.0377602 0.0377708 0.0386067 0.0398892 0.0391067 0.0383140 0.0396701 0.0398892 0.0382169 0.0412230 0.0396939 0.0416770 0.0398470 0.0274288 0.0380900 0.0273255 0.0266915 0.0347209 0.3240952 
EPI_ISL_17455561 0.0043947 0.0025803 0.0015813 0.0021827 0.0021797 0.0043923 0.0000000 0.0017790 0.0365863 0.1093282 0.1124912 0.0408706 0.0486852 0.0421602 0.0426093 0.0429276 0.0435589 0.0392724 0.0382290 0.0390177 0.0396439 0.0386926 0.0412241 0.0393358 0.0384150 0.0392721 0.0387169 0.0389946 0.0398012 0.0394671 0.0391801 0.0790663 0.0371913 0.0373969 0.0391118 0.0390186 0.0488994 0.0386415 0.0381177 0.0395131 0.0391769 0.0389317 0.0397075 0.0398690 0.0412510 0.0416827 0.0392562 0.0386711 0.0380993 0.0763119 0.0380011 0.0402363 0.0382638 0.0401012 0.0391261 0.0381693 0.0393107 0.0394434 0.0389730 0.0391656 0.0403097 0.0400722 0.0400145 0.0376719 0.0386761 0.0401268 0.0398135 0.0398799 0.0381426 0.0382101 0.0389913 0.0413775 0.0382209 0.0388612 0.0382239 0.0386862 0.0386858 0.0390242 0.0481575 0.0379383 0.0388622 0.0394769 0.0404416 0.0546415 0.0379571 0.0384168 0.0389371 0.0396566 0.0467107 0.0378985 0.0468169 0.0392503 0.0406576 0.0569190 0.0400638 0.0398115 0.0400360 0.0478709 0.0382105 0.0384739 0.0381696 0.0392344 0.0390545 0.0374413 0.0392152 0.0395698 0.0381938 0.0403436 0.0374644 0.0371660 0.0380993 0.0401223 0.0400008 0.0379233 0.0381830 0.0693735 0.0186077 0.0393090 0.0375555 0.0404843 0.0400938 0.0404081 0.0416991 0.0398061 0.0398061 0.0407760 0.0398254 0.0398259 0.0209425 0.0212792 0.0405133 0.0411029 0.0411271 0.0414536 0.0400343 0.0399726 0.0410764 0.0411250 0.0402462 0.0416126 0.0407958 0.0409299 0.0408079 0.0383198 0.0389206 0.0386379 0.0391116 0.0383728 0.0383836 0.0392235 0.0405104 0.0397249 0.0389291 0.0402908 0.0405104 0.0385387 0.0421847 0.0406458 0.0426445 0.0407966 0.0279769 0.0384106 0.0273825 0.0269831 0.0350430 0.3252417 
EPI_ISL_17455562 0.0041891 0.0011847 0.0021793 0.0019832 0.0027805 0.0037844 0.0017790 0.0000000 0.0353321 0.1078453 0.1102025 0.0393095 0.0470072 0.0405980 0.0410185 0.0413646 0.0419709 0.0375197 0.0365724 0.0372544 0.0384413 0.0369451 0.0395119 0.0375798 0.0366700 0.0375195 0.0369683 0.0372442 0.0381125 0.0379110 0.0377471 0.0746381 0.0356717 0.0358771 0.0374454 0.0374265 0.0471622 0.0370662 0.0363757 0.0377598 0.0374855 0.0373989 0.0379562 0.0381104 0.0395263 0.0399049 0.0375042 0.0369248 0.0363581 0.0722705 0.0364451 0.0385689 0.0367334 0.0384300 0.0375936 0.0366428 0.0377151 0.0379062 0.0372234 0.0375859 0.0387075 0.0383145 0.0384158 0.0361492 0.0371453 0.0383665 0.0381137 0.0381204 0.0366172 0.0366254 0.0372410 0.0397846 0.0366359 0.0372567 0.0366388 0.0371552 0.0371547 0.0372721 0.0464741 0.0362404 0.0371186 0.0379385 0.0386777 0.0519195 0.0363541 0.0368883 0.0372348 0.0381948 0.0449969 0.0363747 0.0451081 0.0374986 0.0390500 0.0551396 0.0384245 0.0381433 0.0384367 0.0461481 0.0366259 0.0369434 0.0366429 0.0376974 0.0375166 0.0359196 0.0376234 0.0378139 0.0366098 0.0386815 0.0358432 0.0356476 0.0363581 0.0383624 0.0382359 0.0363419 0.0365995 0.0676067 0.0172566 0.0377862 0.0360468 0.0389705 0.0385855 0.0388969 0.0401143 0.0382997 0.0382997 0.0392596 0.0383183 0.0383187 0.0195383 0.0198509 0.0388441 0.0394276 0.0394507 0.0397733 0.0383572 0.0382776 0.0394020 0.0394490 0.0385791 0.0399342 0.0391240 0.0392520 0.0391355 0.0366697 0.0372638 0.0369838 0.0374558 0.0367208 0.0367311 0.0375627 0.0388414 0.0380618 0.0372720 0.0386222 0.0388414 0.0370143 0.0403723 0.0388498 0.0408219 0.0390050 0.0264691 0.0368915 0.0261858 0.0255338 0.0337444 0.3220335 
EPI_ISL_17456685 0.0362827 0.0358180 0.0365644 0.0369306 0.0373185 0.0365126 0.0365863 0.0353321 0.0000000 0.0646381 0.0713101 0.0041665 0.0098197 0.0043958 0.0052204 0.0056188 0.0061958 0.0032159 0.0019495 0.0023080 0.0034543 0.0022904 0.0042192 0.0027569 0.0020605 0.0027535 0.0022918 0.0025227 0.0030770 0.0034577 0.0033795 0.0045524 0.0015982 0.0021989 0.0026094 0.0029164 0.0106686 0.0026807 0.0018296 0.0029818 0.0026452 0.0030101 0.0029739 0.0032191 0.0042474 0.0046273 0.0032149 0.0027505 0.0022886 0.0063449 0.0024499 0.0034747 0.0024083 0.0034805 0.0032085 0.0024026 0.0031289 0.0034164 0.0025213 0.0030990 0.0039695 0.0034445 0.0043878 0.0019997 0.0028070 0.0034486 0.0030962 0.0032193 0.0024011 0.0022843 0.0025225 0.0031949 0.0022850 0.0027295 0.0022852 0.0028079 0.0028078 0.0025243 0.0103703 0.0020007 0.0022840 0.0034193 0.0036837 0.0031240 0.0025246 0.0026043 0.0033388 0.0034579 0.0085791 0.0021998 0.0089878 0.0027520 0.0041897 0.0168341 0.0032008 0.0032594 0.0037577 0.0097173 0.0022844 0.0026084 0.0026047 0.0032164 0.0034245 0.0017992 0.0031219 0.0034489 0.0027014 0.0034604 0.0019265 0.0015973 0.0018287 0.0034485 0.0032288 0.0024912 0.0022828 0.0631278 0.0312128 0.0033847 0.0017815 0.0033255 0.0028436 0.0030842 0.0029665 0.0026051 0.0026051 0.0035688 0.0026064 0.0026064 0.0345522 0.0351408 0.0034723 0.0039159 0.0039179 0.0041451 0.0032780 0.0030904 0.0039132 0.0039188 0.0032534 0.0043532 0.0036928 0.0037036 0.0036935 0.0017314 0.0025991 0.0023801 0.0023809 0.0021625 0.0021631 0.0026017 0.0034720 0.0028180 0.0025997 0.0036959 0.0034720 0.0023938 0.0044691 0.0032760 0.0047242 0.0032648 0.0402508 0.0023867 0.0394197 0.0414771 0.0483462 0.3027585 
EPI_ISL_17456743 0.1096407 0.1089307 0.1101024 0.1094001 0.1108145 0.1088647 0.1093282 0.1078453 0.0646381 0.0000000 0.0584228 0.0134814 0.0198707 0.0139451 0.0147110 0.0152158 0.0156918 0.0186666 0.0475448 0.0176145 0.0189678 0.0176197 0.0513709 0.0181751 0.0173636 0.0181487 0.0176310 0.0178906 0.0603586 0.0711700 0.0278502 0.0417276 0.0827453 0.0655140 0.0485420 0.0845612 0.0803311 0.0844502 0.0170969 0.0183892 0.0538447 0.0658822 0.0181649 0.0186854 0.0376874 0.0203102 0.0186594 0.0181281 0.0176040 0.0393433 0.0839534 0.0514351 0.0650116 0.0496221 0.0852889 0.0840479 0.0851808 0.0857763 0.0178804 0.0851808 0.0655928 0.0189076 0.0860105 0.0826576 0.0665617 0.0186721 0.0525093 0.0186882 0.0658530 0.0655787 0.0178891 0.0197991 0.0655925 0.0619107 0.0837209 0.0655709 0.0847500 0.0176151 0.0659905 0.0333114 0.0176525 0.0858468 0.0197311 0.0290527 0.0573778 0.0843803 0.0364705 0.0168276 0.0577427 0.0830149 0.0594450 0.0181383 0.0686522 0.0666731 0.0615534 0.0490001 0.0860516 0.0610941 0.0836972 0.0660166 0.0844010 0.0855472 0.0856765 0.0649855 0.0849836 0.0189342 0.0661651 0.0515065 0.0440819 0.0646098 0.0170885 0.0189311 0.0187078 0.0658251 0.0655269 0.1495062 0.1037221 0.0675902 0.0649806 0.0125658 0.0120436 0.0123041 0.0123123 0.0117913 0.0117913 0.0128333 0.0117970 0.0117971 0.1060379 0.1069105 0.0562127 0.0568970 0.0569335 0.0573172 0.0563936 0.0562138 0.0568624 0.0569258 0.0559091 0.0574684 0.0565375 0.0567433 0.0565573 0.0517730 0.0550004 0.0546732 0.0542737 0.0543712 0.0543878 0.0550807 0.0562084 0.0553154 0.0550136 0.0559705 0.0562084 0.0657879 0.0196636 0.0204684 0.0194367 0.0201111 0.1164056 0.0658659 0.1167980 0.1156035 0.1142448 0.3153815 
EPI_ISL_17456748 0.1120254 0.1113034 0.1124912 0.1117787 0.1132139 0.1112673 0.1124912 0.1102025 0.0713101 0.0584228 0.0000000 0.0159573 0.0225575 0.0164177 0.0172368 0.0177027 0.0182201 0.0265373 0.0575935 0.0233526 0.0268682 0.0251855 0.0509916 0.0260387 0.0251786 0.0259987 0.0254613 0.0257308 0.0557393 0.0594244 0.0336048 0.0715245 0.0665342 0.0673998 0.0586039 0.0671382 0.0597597 0.0713017 0.0248976 0.0262415 0.0492987 0.0681459 0.0300823 0.0265638 0.0456370 0.0282757 0.0265267 0.0259691 0.0254213 0.0667168 0.0718414 0.0587694 0.0678745 0.0597544 0.0687211 0.0677990 0.0675256 0.0691604 0.0257160 0.0727631 0.0676221 0.0267804 0.0682539 0.0671461 0.0684665 0.0268167 0.0500250 0.0265690 0.0677446 0.0661131 0.0257286 0.0283014 0.0661270 0.0604748 0.0661327 0.0678291 0.0678512 0.0263069 0.0666490 0.0415373 0.0286545 0.0689050 0.0276531 0.0454982 0.0569680 0.0681210 0.0443548 0.0251241 0.0628905 0.0674291 0.0652941 0.0259838 0.0692264 0.0643673 0.0594524 0.0591122 0.0683884 0.0619240 0.0657665 0.0682254 0.0681382 0.0692353 0.0693094 0.0668647 0.0673526 0.0268190 0.0667065 0.0629086 0.0459864 0.0664814 0.0248852 0.0268142 0.0271951 0.0663622 0.0660604 0.1516083 0.1053969 0.0743617 0.0716670 0.0162981 0.0157580 0.0160274 0.0161959 0.0154994 0.0154994 0.0165763 0.0155071 0.0155072 0.1008105 0.1020857 0.0582081 0.0589100 0.0589484 0.0600294 0.0584078 0.0582479 0.0588742 0.0589398 0.0578974 0.0594940 0.0585410 0.0591014 0.0585619 0.0534412 0.0569670 0.0566316 0.0555381 0.0563226 0.0563401 0.0577318 0.0582036 0.0572894 0.0566757 0.0579613 0.0582036 0.0728328 0.0233480 0.0259505 0.0225323 0.0241323 0.1062973 0.0725746 0.1159087 0.1090407 0.1127552 0.3265763 
EPI_ISL_17456927 0.0408045 0.0402246 0.0411928 0.0405938 0.0417965 0.0401942 0.0408706 0.0393095 0.0041665 0.0134814 0.0159573 0.0000000 0.0038234 0.0012189 0.0004913 0.0012175 0.0052219 0.0056611 0.0044151 0.0046608 0.0059233 0.0046621 0.0066855 0.0051698 0.0044148 0.0051628 0.0046651 0.0049142 0.0056697 0.0061761 0.0056514 0.0087605 0.0041674 0.0049065 0.0039267 0.0051646 0.0061609 0.0054165 0.0041648 0.0051574 0.0049114 0.0054092 0.0051698 0.0056670 0.0066710 0.0071928 0.0056591 0.0051569 0.0046582 0.0092855 0.0049065 0.0054030 0.0036786 0.0061604 0.0059067 0.0049127 0.0059226 0.0061698 0.0049114 0.0059226 0.0049124 0.0056555 0.0066603 0.0046631 0.0056632 0.0056627 0.0056726 0.0056675 0.0051577 0.0049116 0.0049138 0.0058157 0.0049133 0.0054153 0.0049138 0.0051600 0.0054158 0.0044154 0.0056583 0.0044123 0.0036789 0.0061761 0.0064156 0.0061033 0.0049062 0.0051621 0.0056559 0.0059106 0.0054110 0.0046605 0.0059077 0.0051599 0.0071928 0.0049111 0.0056603 0.0056579 0.0066691 0.0054153 0.0044126 0.0039286 0.0049127 0.0061756 0.0061833 0.0044161 0.0056571 0.0054081 0.0051578 0.0056595 0.0044130 0.0041644 0.0041627 0.0056624 0.0054216 0.0049065 0.0049078 0.0699415 0.0363136 0.0061712 0.0044157 0.0031869 0.0031828 0.0034319 0.0033234 0.0029363 0.0029363 0.0036856 0.0029377 0.0029377 0.0384849 0.0389653 0.0061719 0.0066842 0.0066882 0.0054389 0.0047090 0.0047705 0.0066790 0.0054293 0.0059212 0.0071836 0.0064256 0.0064471 0.0064272 0.0041659 0.0041772 0.0036791 0.0039206 0.0036791 0.0036802 0.0049271 0.0061714 0.0044269 0.0041769 0.0054288 0.0061714 0.0051747 0.0034299 0.0029346 0.0036806 0.0024425 0.0459365 0.0051591 0.0462657 0.0463745 0.0481814 0.2986851 
EPI_ISL_17456935 0.0486078 0.0479880 0.0490326 0.0483926 0.0496782 0.0479527 0.0486852 0.0470072 0.0098197 0.0198707 0.0225575 0.0038234 0.0000000 0.0058977 0.0035660 0.0051024 0.0080109 0.0114201 0.0100865 0.0103460 0.0117132 0.0103491 0.0122663 0.0109039 0.0100855 0.0106225 0.0103561 0.0100917 0.0114385 0.0117166 0.0113994 0.0110846 0.0098221 0.0106052 0.0095746 0.0108920 0.0119540 0.0111642 0.0098154 0.0108759 0.0103450 0.0111481 0.0109039 0.0114325 0.0125073 0.0130809 0.0114157 0.0108749 0.0103396 0.0147673 0.0106052 0.0111347 0.0093088 0.0119529 0.0116782 0.0106193 0.0117114 0.0119722 0.0106162 0.0117114 0.0106187 0.0114080 0.0124863 0.0103510 0.0114246 0.0114235 0.0114445 0.0114338 0.0108767 0.0106167 0.0106216 0.0082970 0.0106206 0.0111615 0.0106216 0.0108816 0.0111624 0.0100870 0.0111414 0.0100796 0.0093096 0.0117166 0.0122304 0.0098124 0.0106043 0.0108864 0.0111422 0.0116862 0.0108864 0.0103450 0.0116802 0.0108814 0.0130809 0.0106155 0.0114182 0.0114131 0.0122356 0.0111615 0.0100805 0.0095795 0.0106195 0.0117053 0.0119997 0.0100889 0.0111455 0.0111459 0.0108768 0.0114167 0.0098163 0.0098145 0.0098103 0.0111479 0.0111751 0.0106052 0.0106081 0.0747144 0.0428196 0.0119750 0.0100881 0.0087884 0.0087767 0.0090464 0.0091856 0.0085136 0.0085136 0.0093277 0.0085179 0.0085180 0.0457770 0.0463223 0.0119766 0.0125334 0.0125413 0.0112116 0.0104578 0.0106016 0.0125233 0.0111912 0.0117084 0.0130632 0.0122505 0.0122935 0.0122537 0.0098185 0.0098457 0.0093102 0.0095593 0.0093102 0.0093131 0.0106521 0.0119756 0.0101143 0.0098450 0.0111902 0.0119756 0.0109146 0.0090410 0.0085085 0.0093144 0.0077207 0.0531166 0.0108796 0.0534698 0.0532679 0.0555216 0.2956807 
EPI_ISL_17456936 0.0420929 0.0415132 0.0424827 0.0418840 0.0430862 0.0414824 0.0421602 0.0405980 0.0043958 0.0139451 0.0164177 0.0012189 0.0058977 0.0000000 0.0007384 0.0009661 0.0049768 0.0058860 0.0046437 0.0048886 0.0061478 0.0048899 0.0069079 0.0053965 0.0046433 0.0053892 0.0048931 0.0051414 0.0058949 0.0063999 0.0058759 0.0107299 0.0043968 0.0051334 0.0041571 0.0053911 0.0063842 0.0056424 0.0043940 0.0053836 0.0051385 0.0056347 0.0053965 0.0058921 0.0068930 0.0074137 0.0058839 0.0053831 0.0048858 0.0110532 0.0051334 0.0056283 0.0039098 0.0063837 0.0061307 0.0051398 0.0061471 0.0063934 0.0051384 0.0061471 0.0051395 0.0058801 0.0068820 0.0048909 0.0058881 0.0058876 0.0058978 0.0058926 0.0053839 0.0051387 0.0051409 0.0060565 0.0051405 0.0056411 0.0051409 0.0053863 0.0056415 0.0046440 0.0058830 0.0046407 0.0039101 0.0063999 0.0066383 0.0074198 0.0051330 0.0053885 0.0058806 0.0061347 0.0056366 0.0048882 0.0061317 0.0053861 0.0074137 0.0051381 0.0058851 0.0058826 0.0068910 0.0056411 0.0046411 0.0041592 0.0053900 0.0063994 0.0064073 0.0046447 0.0058818 0.0058852 0.0053840 0.0058843 0.0046415 0.0043936 0.0043918 0.0058873 0.0056476 0.0051334 0.0051347 0.0723357 0.0375935 0.0066474 0.0046443 0.0034197 0.0034154 0.0036639 0.0035656 0.0031696 0.0031696 0.0041645 0.0031712 0.0031712 0.0394713 0.0399552 0.0063956 0.0069066 0.0069108 0.0059208 0.0051936 0.0050031 0.0069013 0.0059103 0.0061456 0.0074043 0.0066486 0.0066707 0.0066502 0.0043952 0.0044070 0.0041574 0.0041507 0.0039103 0.0039115 0.0054057 0.0063951 0.0046560 0.0044067 0.0056551 0.0063951 0.0054016 0.0039097 0.0034148 0.0041605 0.0031691 0.0465869 0.0053853 0.0469152 0.0473546 0.0488254 0.3035797 
EPI_ISL_17456937 0.0425404 0.0419503 0.0429378 0.0423282 0.0435522 0.0419187 0.0426093 0.0410185 0.0052204 0.0147110 0.0172368 0.0004913 0.0035660 0.0007384 0.0000000 0.0002450 0.0042300 0.0067408 0.0054734 0.0057227 0.0070098 0.0057243 0.0077864 0.0062428 0.0054730 0.0059814 0.0057281 0.0059814 0.0067513 0.0072672 0.0067291 0.0110866 0.0052216 0.0059720 0.0049786 0.0062364 0.0072491 0.0064931 0.0052182 0.0062276 0.0059780 0.0064842 0.0062428 0.0067480 0.0077693 0.0083028 0.0067384 0.0062270 0.0057194 0.0121694 0.0059720 0.0064766 0.0047262 0.0072485 0.0069898 0.0059796 0.0070089 0.0072597 0.0059780 0.0070089 0.0059792 0.0067340 0.0077567 0.0057255 0.0067434 0.0067428 0.0067547 0.0067486 0.0062280 0.0059783 0.0059809 0.0069789 0.0059804 0.0064917 0.0059809 0.0062307 0.0064922 0.0054737 0.0067374 0.0054698 0.0047265 0.0072672 0.0075089 0.0080158 0.0059715 0.0062333 0.0064809 0.0069945 0.0064864 0.0057223 0.0069910 0.0062306 0.0083028 0.0059776 0.0067398 0.0067370 0.0077670 0.0064917 0.0054703 0.0049810 0.0059797 0.0072666 0.0072758 0.0054746 0.0067359 0.0064828 0.0062280 0.0067389 0.0054707 0.0052178 0.0052156 0.0067424 0.0064993 0.0059720 0.0059735 0.0707621 0.0376594 0.0072613 0.0054742 0.0042270 0.0042216 0.0044755 0.0044132 0.0039710 0.0039710 0.0047354 0.0039729 0.0039730 0.0401713 0.0406676 0.0072622 0.0077849 0.0077896 0.0065202 0.0057826 0.0058591 0.0077788 0.0065086 0.0070072 0.0082920 0.0075207 0.0075462 0.0075226 0.0052197 0.0052339 0.0047268 0.0049707 0.0047268 0.0047283 0.0059974 0.0072616 0.0054882 0.0052335 0.0065080 0.0072616 0.0062488 0.0044729 0.0039687 0.0047289 0.0034683 0.0474264 0.0062296 0.0477613 0.0482109 0.0497100 0.2989621 
EPI_ISL_17456941 0.0428596 0.0422801 0.0432504 0.0426517 0.0438538 0.0422489 0.0429276 0.0413646 0.0056188 0.0152158 0.0177027 0.0012175 0.0051024 0.0009661 0.0002450 0.0000000 0.0039647 0.0071145 0.0058678 0.0061128 0.0073798 0.0061145 0.0081439 0.0066252 0.0058672 0.0066162 0.0061184 0.0063676 0.0071253 0.0076330 0.0071023 0.0133899 0.0056201 0.0063577 0.0053817 0.0066185 0.0076143 0.0068712 0.0056165 0.0066093 0.0063640 0.0068619 0.0066252 0.0071219 0.0081264 0.0086519 0.0071120 0.0066087 0.0061093 0.0141411 0.0063577 0.0068540 0.0051333 0.0076137 0.0073591 0.0063657 0.0073789 0.0076253 0.0063640 0.0073789 0.0063653 0.0071074 0.0081135 0.0061157 0.0071171 0.0071165 0.0071289 0.0071225 0.0066097 0.0063643 0.0063671 0.0073757 0.0063665 0.0068697 0.0063671 0.0066126 0.0068702 0.0058680 0.0071109 0.0058639 0.0051337 0.0076330 0.0078701 0.0096095 0.0063572 0.0066153 0.0071079 0.0073639 0.0068642 0.0061123 0.0073603 0.0066124 0.0086519 0.0063636 0.0071134 0.0071105 0.0081240 0.0068697 0.0058645 0.0053843 0.0063658 0.0076324 0.0076419 0.0058690 0.0071094 0.0071136 0.0066098 0.0071125 0.0058649 0.0056160 0.0056137 0.0071161 0.0068776 0.0063577 0.0063594 0.0713024 0.0383549 0.0076270 0.0058685 0.0046427 0.0046368 0.0048868 0.0048435 0.0043903 0.0043903 0.0051432 0.0043924 0.0043924 0.0402344 0.0407217 0.0076279 0.0081424 0.0081473 0.0071564 0.0064323 0.0062559 0.0081362 0.0071439 0.0073771 0.0086409 0.0078823 0.0079085 0.0078842 0.0056180 0.0056330 0.0053820 0.0053733 0.0051341 0.0051356 0.0063843 0.0076273 0.0058833 0.0056327 0.0068866 0.0076273 0.0066315 0.0048841 0.0043878 0.0051362 0.0041417 0.0473522 0.0066114 0.0476807 0.0481214 0.0495916 0.3010903 
EPI_ISL_17456950 0.0434893 0.0429007 0.0438869 0.0432789 0.0444998 0.0428689 0.0435589 0.0419709 0.0061958 0.0156918 0.0182201 0.0052219 0.0080109 0.0049768 0.0042300 0.0039647 0.0000000 0.0077156 0.0064488 0.0066974 0.0079864 0.0066993 0.0087637 0.0072194 0.0064482 0.0069568 0.0067037 0.0069569 0.0077275 0.0082439 0.0077022 0.0116631 0.0061972 0.0069459 0.0069657 0.0072120 0.0082234 0.0074690 0.0061932 0.0072018 0.0069529 0.0074587 0.0072194 0.0077237 0.0087445 0.0092801 0.0077128 0.0072011 0.0066935 0.0126310 0.0069459 0.0074501 0.0067121 0.0082227 0.0079637 0.0069548 0.0079854 0.0082354 0.0069529 0.0079854 0.0069544 0.0077078 0.0087304 0.0067006 0.0077185 0.0077178 0.0077314 0.0077245 0.0072023 0.0069532 0.0069563 0.0080260 0.0069557 0.0074673 0.0069563 0.0072054 0.0074679 0.0064491 0.0077117 0.0064446 0.0067126 0.0082439 0.0084837 0.0083995 0.0069454 0.0072084 0.0077084 0.0079690 0.0074613 0.0066969 0.0079650 0.0072053 0.0092801 0.0069524 0.0077144 0.0077112 0.0087419 0.0074673 0.0064451 0.0069692 0.0069549 0.0082433 0.0082536 0.0064502 0.0077100 0.0074572 0.0072023 0.0077134 0.0064456 0.0061926 0.0061901 0.0077173 0.0074760 0.0069459 0.0069477 0.0712618 0.0389107 0.0082373 0.0059352 0.0072321 0.0072228 0.0074811 0.0075472 0.0069697 0.0069697 0.0077488 0.0069732 0.0069733 0.0411213 0.0416206 0.0077150 0.0082357 0.0082407 0.0085207 0.0077889 0.0078919 0.0082293 0.0085056 0.0074613 0.0087399 0.0079724 0.0079992 0.0079744 0.0056818 0.0072233 0.0067130 0.0069549 0.0067130 0.0067151 0.0064571 0.0077144 0.0074792 0.0072228 0.0085049 0.0077144 0.0036763 0.0074768 0.0069657 0.0077381 0.0064603 0.0486964 0.0072041 0.0490314 0.0497665 0.0509793 0.2995176 
EPI_ISL_17458562 0.0389129 0.0383722 0.0392724 0.0387140 0.0398350 0.0383446 0.0392724 0.0375197 0.0032159 0.0186666 0.0265373 0.0056611 0.0114201 0.0058860 0.0067408 0.0071145 0.0077156 0.0000000 0.0025228 0.0018425 0.0039216 0.0027531 0.0046279 0.0032218 0.0025226 0.0032178 0.0022896 0.0029864 0.0036868 0.0041561 0.0036948 0.0039836 0.0018290 0.0029820 0.0039191 0.0032189 0.0041466 0.0034524 0.0022908 0.0034464 0.0029848 0.0034480 0.0032218 0.0036852 0.0046185 0.0050987 0.0032134 0.0032144 0.0027509 0.0063618 0.0029820 0.0034474 0.0036860 0.0036776 0.0036793 0.0025208 0.0039212 0.0041521 0.0029848 0.0039212 0.0032168 0.0039104 0.0046116 0.0027537 0.0036828 0.0039151 0.0036885 0.0036854 0.0032149 0.0029849 0.0029861 0.0034449 0.0029859 0.0034517 0.0029861 0.0032162 0.0034519 0.0027564 0.0036799 0.0025213 0.0036863 0.0041561 0.0046179 0.0035248 0.0029818 0.0027518 0.0036784 0.0034563 0.0034491 0.0027522 0.0039120 0.0027507 0.0050987 0.0029846 0.0039135 0.0036796 0.0046173 0.0034517 0.0025215 0.0034521 0.0029821 0.0041558 0.0041607 0.0025233 0.0036791 0.0039154 0.0032149 0.0036806 0.0020578 0.0022907 0.0022898 0.0039149 0.0034661 0.0029820 0.0029827 0.0701915 0.0344621 0.0043879 0.0034487 0.0047705 0.0042830 0.0045264 0.0044690 0.0040428 0.0040428 0.0050170 0.0040447 0.0040448 0.0356198 0.0360537 0.0051261 0.0056068 0.0056100 0.0058580 0.0049297 0.0047460 0.0056027 0.0056112 0.0048900 0.0060775 0.0053645 0.0053814 0.0053657 0.0032392 0.0041851 0.0039484 0.0039423 0.0037138 0.0037148 0.0041896 0.0051257 0.0044215 0.0041849 0.0053693 0.0051257 0.0041558 0.0054319 0.0042441 0.0056865 0.0042224 0.0435739 0.0032156 0.0437330 0.0447522 0.0455911 0.3077404 
EPI_ISL_17458563 0.0378902 0.0373786 0.0382290 0.0377008 0.0387610 0.0376148 0.0382290 0.0365724 0.0019495 0.0475448 0.0575935 0.0044151 0.0100865 0.0046437 0.0054734 0.0058678 0.0064488 0.0025228 0.0000000 0.0016131 0.0027591 0.0016007 0.0035477 0.0016014 0.0013715 0.0020619 0.0016017 0.0018318 0.0024140 0.0030860 0.0026995 0.0034092 0.0010800 0.0017306 0.0028289 0.0023886 0.0028235 0.0021701 0.0011417 0.0022901 0.0019809 0.0021675 0.0018315 0.0025253 0.0035713 0.0039270 0.0025220 0.0020597 0.0015995 0.0052806 0.0019481 0.0023852 0.0026096 0.0028238 0.0028219 0.0019502 0.0026094 0.0028271 0.0018308 0.0026094 0.0021677 0.0027513 0.0034799 0.0015148 0.0023873 0.0027546 0.0024291 0.0025255 0.0019489 0.0017322 0.0018316 0.0024535 0.0017327 0.0021894 0.0017329 0.0019496 0.0023880 0.0018329 0.0023881 0.0013318 0.0025260 0.0030488 0.0034521 0.0023408 0.0019746 0.0021683 0.0026670 0.0027620 0.0023864 0.0017314 0.0028239 0.0020607 0.0037133 0.0019508 0.0026046 0.0026037 0.0032645 0.0023879 0.0015142 0.0028283 0.0021687 0.0028294 0.0030540 0.0012980 0.0026033 0.0027548 0.0021667 0.0023859 0.0013403 0.0010793 0.0011411 0.0027544 0.0025329 0.0019481 0.0017310 0.0675204 0.0328950 0.0030479 0.0021679 0.0035659 0.0030829 0.0033240 0.0032163 0.0028442 0.0028442 0.0038097 0.0028455 0.0028455 0.0353136 0.0357240 0.0037321 0.0041815 0.0041837 0.0044141 0.0033145 0.0033502 0.0041786 0.0041846 0.0035105 0.0046240 0.0039553 0.0039671 0.0039562 0.0019704 0.0028483 0.0026265 0.0026274 0.0024062 0.0024069 0.0028511 0.0037318 0.0030699 0.0028489 0.0039587 0.0037318 0.0028303 0.0047080 0.0035127 0.0049642 0.0035007 0.0423761 0.0019493 0.0427969 0.0428381 0.0450952 0.3059189 
EPI_ISL_17458565 0.0386562 0.0381121 0.0390177 0.0384558 0.0395837 0.0380844 0.0390177 0.0372544 0.0023080 0.0176145 0.0233526 0.0046608 0.0103460 0.0048886 0.0057227 0.0061128 0.0066974 0.0018425 0.0016131 0.0000000 0.0030132 0.0018442 0.0037202 0.0023123 0.0016129 0.0023094 0.0013803 0.0020774 0.0027784 0.0032481 0.0027844 0.0028857 0.0009188 0.0020743 0.0030113 0.0023102 0.0032406 0.0025439 0.0013810 0.0025395 0.0020763 0.0025406 0.0023123 0.0027771 0.0037126 0.0041918 0.0027735 0.0023070 0.0018427 0.0053730 0.0020743 0.0025379 0.0027778 0.0032403 0.0032386 0.0020768 0.0030130 0.0032450 0.0020763 0.0030130 0.0023087 0.0030047 0.0037070 0.0018445 0.0027753 0.0030082 0.0027797 0.0027773 0.0023073 0.0020764 0.0020772 0.0019742 0.0020770 0.0025433 0.0020772 0.0023082 0.0025435 0.0018448 0.0027731 0.0016121 0.0027780 0.0032481 0.0037121 0.0023710 0.0020742 0.0023091 0.0027720 0.0030164 0.0025414 0.0018436 0.0030059 0.0023082 0.0041918 0.0020761 0.0030071 0.0027729 0.0037116 0.0025433 0.0016122 0.0030127 0.0020744 0.0032478 0.0032517 0.0016134 0.0027725 0.0030085 0.0023073 0.0027736 0.0011486 0.0013809 0.0013804 0.0030081 0.0025461 0.0020743 0.0020748 0.0688750 0.0336330 0.0034808 0.0025411 0.0038039 0.0033204 0.0035618 0.0034641 0.0030815 0.0030815 0.0040481 0.0030829 0.0030830 0.0353810 0.0358169 0.0041832 0.0046603 0.0046629 0.0049080 0.0039803 0.0037869 0.0046568 0.0046639 0.0039484 0.0051292 0.0044201 0.0044340 0.0044211 0.0023077 0.0032467 0.0030115 0.0030069 0.0027781 0.0027789 0.0032501 0.0041829 0.0034816 0.0032465 0.0044240 0.0041829 0.0032478 0.0044727 0.0032903 0.0047235 0.0032736 0.0426302 0.0023079 0.0429365 0.0435810 0.0447218 0.3053164 
EPI_ISL_17458566 0.0398427 0.0392990 0.0402054 0.0396439 0.0407712 0.0392708 0.0396439 0.0384413 0.0034543 0.0189678 0.0268682 0.0059233 0.0117132 0.0061478 0.0070098 0.0073798 0.0079864 0.0039216 0.0027591 0.0030132 0.0000000 0.0029901 0.0048717 0.0034607 0.0027589 0.0034564 0.0029919 0.0032242 0.0025254 0.0043982 0.0039357 0.0057439 0.0025278 0.0032195 0.0041601 0.0034575 0.0043881 0.0018323 0.0025263 0.0036855 0.0032225 0.0036872 0.0034607 0.0039254 0.0034512 0.0034596 0.0039203 0.0034527 0.0029877 0.0085682 0.0032195 0.0036865 0.0039263 0.0043877 0.0043853 0.0032233 0.0027577 0.0029878 0.0032225 0.0027577 0.0016006 0.0041510 0.0048545 0.0029907 0.0016000 0.0041559 0.0025265 0.0025244 0.0034532 0.0032227 0.0032240 0.0039500 0.0032237 0.0036911 0.0032240 0.0034546 0.0036914 0.0029937 0.0039198 0.0027574 0.0039266 0.0043982 0.0034507 0.0047295 0.0032193 0.0034559 0.0039182 0.0041671 0.0036884 0.0029891 0.0041526 0.0034545 0.0034596 0.0032223 0.0041543 0.0039195 0.0048605 0.0036911 0.0027577 0.0041620 0.0036893 0.0029904 0.0044030 0.0013713 0.0039189 0.0027537 0.0034532 0.0020603 0.0027578 0.0025261 0.0025251 0.0041557 0.0037066 0.0032195 0.0032203 0.0706803 0.0348133 0.0046306 0.0036879 0.0050222 0.0045328 0.0047771 0.0044747 0.0042918 0.0042918 0.0052698 0.0042939 0.0042939 0.0365632 0.0370038 0.0053728 0.0058555 0.0058588 0.0061080 0.0051778 0.0049963 0.0058512 0.0058600 0.0051360 0.0063275 0.0056121 0.0056299 0.0056134 0.0034794 0.0044289 0.0041913 0.0041848 0.0039560 0.0039571 0.0044337 0.0053724 0.0046661 0.0044287 0.0056171 0.0053724 0.0043978 0.0056828 0.0044915 0.0059390 0.0044685 0.0439612 0.0034540 0.0441199 0.0451461 0.0459857 0.3084899 
EPI_ISL_17458567 0.0383347 0.0377953 0.0386926 0.0381356 0.0392538 0.0377680 0.0386926 0.0369451 0.0022904 0.0176197 0.0251855 0.0046621 0.0103491 0.0048899 0.0057243 0.0061145 0.0066993 0.0027531 0.0016007 0.0018442 0.0029901 0.0000000 0.0036915 0.0022946 0.0016006 0.0018313 0.0018311 0.0016015 0.0027570 0.0032231 0.0027630 0.0028312 0.0013713 0.0015992 0.0029882 0.0018318 0.0032157 0.0025243 0.0009126 0.0020594 0.0016006 0.0025212 0.0022946 0.0027558 0.0036840 0.0041595 0.0022908 0.0022893 0.0013699 0.0052773 0.0015992 0.0016003 0.0027564 0.0032155 0.0032137 0.0016010 0.0029898 0.0032200 0.0020604 0.0029898 0.0022910 0.0025200 0.0036785 0.0018304 0.0027541 0.0029852 0.0027583 0.0027560 0.0018296 0.0020605 0.0020613 0.0022062 0.0020611 0.0025238 0.0020613 0.0022906 0.0025240 0.0013726 0.0022905 0.0011414 0.0027566 0.0032231 0.0036835 0.0023397 0.0015990 0.0018310 0.0022896 0.0029932 0.0020610 0.0013705 0.0029828 0.0018303 0.0041595 0.0016005 0.0025220 0.0027517 0.0032189 0.0025238 0.0011414 0.0029896 0.0025226 0.0032228 0.0027624 0.0016010 0.0022901 0.0029854 0.0018296 0.0027524 0.0016000 0.0013704 0.0009122 0.0025228 0.0025344 0.0015992 0.0020590 0.0689024 0.0333569 0.0034540 0.0025216 0.0038049 0.0033213 0.0035627 0.0034650 0.0030823 0.0030823 0.0040492 0.0030837 0.0030838 0.0350893 0.0355203 0.0041818 0.0046586 0.0046613 0.0049063 0.0039789 0.0037855 0.0046552 0.0046623 0.0039470 0.0051274 0.0044185 0.0044324 0.0044195 0.0023069 0.0032456 0.0030105 0.0030058 0.0027772 0.0027780 0.0032490 0.0041815 0.0034804 0.0032454 0.0044225 0.0041815 0.0032228 0.0044739 0.0032911 0.0047247 0.0032744 0.0424163 0.0022902 0.0425778 0.0435825 0.0444244 0.3054375 
EPI_ISL_17458569 0.0408711 0.0403440 0.0412241 0.0406797 0.0417726 0.0405861 0.0412241 0.0395119 0.0042192 0.0513709 0.0509916 0.0066855 0.0122663 0.0069079 0.0077864 0.0081439 0.0087637 0.0046279 0.0035477 0.0037202 0.0048717 0.0036915 0.0000000 0.0041658 0.0034593 0.0041605 0.0036937 0.0039273 0.0046028 0.0004306 0.0047653 0.0057554 0.0032716 0.0039918 0.0051280 0.0046007 0.0052620 0.0043788 0.0032252 0.0043900 0.0041528 0.0044442 0.0044004 0.0046324 0.0056283 0.0060598 0.0046264 0.0041561 0.0036886 0.0074802 0.0041491 0.0046683 0.0049018 0.0051210 0.0050369 0.0041538 0.0048266 0.0050463 0.0039252 0.0048266 0.0042203 0.0048577 0.0054828 0.0037116 0.0046724 0.0048636 0.0046049 0.0046328 0.0042179 0.0039955 0.0039270 0.0042010 0.0039968 0.0042635 0.0039336 0.0042195 0.0015151 0.0039298 0.0042242 0.0033582 0.0046338 0.0004306 0.0055727 0.0043328 0.0042164 0.0043752 0.0047075 0.0048767 0.0046706 0.0039302 0.0048937 0.0041583 0.0060470 0.0042220 0.0048955 0.0046685 0.0054892 0.0015392 0.0037100 0.0051303 0.0043760 0.0050505 0.0052820 0.0035484 0.0048152 0.0048640 0.0044425 0.0046697 0.0036673 0.0033220 0.0032237 0.0048633 0.0013734 0.0042160 0.0039927 0.0705947 0.0357009 0.0053569 0.0044450 0.0057578 0.0052652 0.0055111 0.0054951 0.0050231 0.0050231 0.0060074 0.0050255 0.0050255 0.0376645 0.0380962 0.0060783 0.0065451 0.0065487 0.0067902 0.0058955 0.0057283 0.0065404 0.0065499 0.0058498 0.0070002 0.0063096 0.0063288 0.0063110 0.0042654 0.0051673 0.0049375 0.0049393 0.0047103 0.0047116 0.0051727 0.0060779 0.0053964 0.0051670 0.0063149 0.0060779 0.0051324 0.0068885 0.0056714 0.0071563 0.0056517 0.0455086 0.0042188 0.0456590 0.0451596 0.0479982 0.3103681 
